0.30194 48151.05984350317
0.33432 45929.84215909365
0.4963 44506.999210519614
0.5636599999999999 42122.35486465885
0.6049599999999999 40082.26111021919
0.63754 36284.193470529666
0.7057100000000001 35658.60339607851
0.75118 34311.03141595961
0.76834 32762.24101232205
0.79798 27990.577055263035
0.8316100000000001 25328.259191849167
0.83994 25256.241344011563
0.8524200000000001 24253.195650238064
0.87612 24105.874245883933
0.8904 22609.98659347614
0.8962 19800.99413236246
0.9018599999999999 19525.582291757346
0.9110099999999999 18895.235898526334
0.9271900000000001 18662.1947090239
0.93696 17486.54729926636
0.95228 15171.330650630738
0.95967 14398.141902387399
0.96655 11475.037310319261
0.9752599999999999 11082.136884855854
0.97916 10262.03481352171
0.9799899999999999 8970.257432433877
0.98558 8654.155571209212
0.98804 8097.942086341282
0.98858 6648.564353406611
0.99061 6329.294739204121
0.9925200000000001 6046.448466340272
0.9939199999999999 6032.220133326277
0.99513 5729.13691494542
0.99617 4198.344906972961
0.99687 3994.935162729899
0.9981500000000001 3826.8044849014586
0.9986499999999999 3611.6691685608475
0.9986599999999999 2835.4164765371756
0.9988400000000001 2492.212104558605
0.9990500000000001 2368.0448452828596
0.99943 2201.1894588195382
0.99949 2090.3909440501116
0.9996700000000001 2042.0467556838446
0.99969 1911.2764473759696
0.99971 1574.7033716408293
0.9997199999999999 1550.085169047745
0.9998900000000001 1502.9947346679132
0.99993 1314.3894879275933
0.9999399999999999 1138.731137670951
0.9999499999999999 1055.5353291437273
0.99997 991.3280680153975
