0.3382 30305.073528189838
0.57065 21976.712869959058
0.65952 17273.106149834366
0.71236 15511.376033739421
0.71797 15385.295965742502
0.7995300000000001 12176.613712590619
0.8431 10642.79173129736
0.88508 8254.087829015403
0.90123 7934.698794633702
0.93076 6668.653020184807
0.9572900000000001 5064.561842101451
0.9617100000000001 4686.605681890811
0.97385 4040.1379904765995
0.9772700000000001 3848.779440822239
0.9808899999999999 3349.3230489790612
0.98905 2963.714999748449
0.9895799999999999 2755.2633112304184
0.99428 2331.8235768081427
0.99472 2210.033552242877
0.9954700000000001 2187.264109790405
0.99677 1799.304645327162
0.9979100000000001 1679.4923895958946
0.99807 1623.956933026892
0.99816 1493.8877741342712
0.99886 1427.658771532505
0.9996600000000001 1121.9657126556613
0.9996700000000001 1061.7014164738348
0.99992 797.1390218783027
0.99997 615.0700749989423
1.0 554.5868692074565
