0.09949213689340251 13772.57912091737
0.09470054404139616 10599.412197285392
0.0933559211736647 10348.112001188196
0.09138936481047744 8290.912857435693
0.0909579717257703 7428.697027656164
0.09091385458065343 7025.676029926474
0.0905989938695387 6208.638352156746
0.0903836885445884 5798.874651906093
0.09003305081839467 5757.286337662195
0.08992187973274127 4885.168427094437
0.0898315319916586 4722.730824191915
0.08970878739875647 4127.922059772389
0.08965024160369801 3920.1894564827885
0.08962880274483752 3779.959232750928
0.08954127989837907 3737.2509192311554
0.08953441114128653 2982.030904512252
0.08947514551192544 2957.4722482077177
0.08943750278517607 2609.4317213970958
0.0894196513826404 2456.030347167578
0.08941559813574337 2410.553897549804
0.08939540205043929 2224.4189020748017
0.08937619235047294 1787.1614327666744
0.08936861732115607 1610.0276648268234
0.08936440713834547 1474.3633164780429
0.08936182678594103 1294.4425467795654
0.08935845510412865 1166.2766707711403
0.08935731530258854 1088.0075985882245
0.08935578930107275 857.1428513040348
0.0893551257831856 759.9066647155234
0.08935467169018763 721.5840405299208
0.08935441063630525 560.0682694300895
0.08935417058412624 454.2423381375094
0.0893540177289847 394.831675894741
0.08935401130191122 288.0497131451876
0.08935400220785608 275.07277816853264
